1 0.8515625 0.294921875 0.0283203125 0.06640625
1 0.447265625 0.3095703125 0.0498046875 0.1083984375
1 0.6591796875 0.3154296875 0.0185546875 0.0361328125
1 0.3095703125 0.33203125 0.0595703125 0.1083984375
1 0.23046875 0.3759765625 0.033203125 0.05859375
1 0.068359375 0.390625 0.0107421875 0.0302734375
1 0.6728515625 0.4072265625 0.017578125 0.0751953125
1 0.8974609375 0.4248046875 0.0205078125 0.078125
1 0.83203125 0.4375 0.0263671875 0.125
1 0.6162109375 0.4833984375 0.033203125 0.150390625
1 0.650390625 0.0517578125 0.017578125 0.0419921875
1 0.86328125 0.5068359375 0.017578125 0.0693359375
1 0.482421875 0.513671875 0.017578125 0.0390625
1 0.357421875 0.533203125 0.0810546875 0.1611328125
1 0.896484375 0.548828125 0.017578125 0.0859375
1 0.3759765625 0.5537109375 0.0419921875 0.125
1 0.06640625 0.568359375 0.013671875 0.0419921875
1 0.23046875 0.5693359375 0.0205078125 0.0556640625
1 0.837890625 0.611328125 0.0205078125 0.1220703125
1 0.626953125 0.6279296875 0.013671875 0.0556640625
1 0.068359375 0.62890625 0.0205078125 0.0361328125
1 0.044921875 0.6357421875 0.015625 0.044921875
1 0.212890625 0.68359375 0.013671875 0.0390625
1 0.05078125 0.697265625 0.0107421875 0.033203125
1 0.111328125 0.7392578125 0.0185546875 0.0390625
1 0.4052734375 0.744140625 0.044921875 0.1279296875
1 0.08203125 0.7607421875 0.0107421875 0.0390625
1 0.240234375 0.77734375 0.021484375 0.044921875
1 0.5537109375 0.779296875 0.017578125 0.0419921875
1 0.630859375 0.841796875 0.025390625 0.14453125
1 0.5732421875 0.8447265625 0.015625 0.033203125
1 0.662109375 0.84765625 0.015625 0.044921875
1 0.14453125 0.087890625 0.0107421875 0.025390625
1 0.5830078125 0.9287109375 0.009765625 0.0302734375
1 0.412109375 0.095703125 0.025390625 0.05859375
1 0.1728515625 0.119140625 0.017578125 0.033203125
1 0.669921875 0.1708984375 0.021484375 0.052734375
1 0.1650390625 0.1982421875 0.013671875 0.0361328125
1 0.1318359375 0.2138671875 0.013671875 0.044921875
1 0.6494140625 0.2265625 0.0263671875 0.052734375