1 0.318359375 0.2412109375 0.078125 0.3427734375
1 0.2294921875 0.29296875 0.0859375 0.375
1 0.6669921875 0.302734375 0.078125 0.4658203125
1 0.6650390625 0.3056640625 0.0986328125 0.51953125
1 0.5 0.4375 0.0302734375 0.078125
1 0.4140625 0.5498046875 0.037109375 0.23046875
1 0.4404296875 0.5517578125 0.08984375 0.26953125
1 0.513671875 0.5830078125 0.0458984375 0.0888671875
1 0.4501953125 0.5966796875 0.033203125 0.1923828125
1 0.5498046875 0.779296875 0.0380859375 0.322265625
1 0.4326171875 0.837890625 0.0458984375 0.32421875
1 0.6376953125 0.009765625 0.037109375 0.01953125
1 0.310546875 0.859375 0.0966796875 0.2734375
1 0.466796875 0.1171875 0.0615234375 0.154296875
1 0.4072265625 0.197265625 0.0302734375 0.123046875