1 0.681640625 0.2412109375 0.078125 0.34375
1 0.7705078125 0.29296875 0.0859375 0.375
1 0.3330078125 0.302734375 0.078125 0.46484375
1 0.3349609375 0.3056640625 0.09765625 0.51953125
1 0.5 0.4375 0.03125 0.078125
1 0.5859375 0.5498046875 0.037109375 0.23046875
1 0.5595703125 0.5517578125 0.08984375 0.26953125
1 0.486328125 0.5830078125 0.046875 0.08984375
1 0.5498046875 0.5966796875 0.033203125 0.19140625
1 0.4501953125 0.779296875 0.0390625 0.322265625
1 0.5673828125 0.837890625 0.046875 0.32421875
1 0.3623046875 0.009765625 0.037109375 0.01953125
1 0.689453125 0.859375 0.09765625 0.2734375
1 0.533203125 0.1171875 0.0625 0.154296875
1 0.5927734375 0.197265625 0.03125 0.123046875